 -34   1  0.0000
 -33   1  0.0001
 -32   1  0.0002
 -31   1  0.0004
 -30   1  0.0006
 -29   1  0.0008
 -28   1  0.0009
 -27   1  0.0009
 -26   1  0.0009
 -25   1  0.0009
 -24   1  0.0008
 -23   1  0.0008
 -22   1  0.0008
 -21   1  0.0008
 -20   1  0.0010
 -19   1  0.0013
 -18   1  0.0018
 -17   1  0.0024
 -16   1  0.0032
 -15   1  0.0043
 -14   1  0.0055
 -13   1  0.0069
 -12   1  0.0085
 -11   1  0.0101
 -10   1  0.0119
  -9   1  0.0136
  -8   1  0.0151
  -7   1  0.0165
  -6   1  0.0174
  -5   1  0.0181
  -4   1  0.0197
  -3   1  0.0228
  -2   1  0.0271
  -1   1  0.0317
   0   1  0.0356
   1   1  0.0378
   2   1  0.0374
   3   1  0.0343
   4   1  0.0291
   5   1  0.0236
   6   1  0.0199
   7   1  0.0181
   8   1  0.0176
   9   1  0.0180
  10   1  0.0190
  11   1  0.0202
  12   1  0.0215
  13   1  0.0228
  14   1  0.0240
  15   1  0.0251
  16   1  0.0260
  17   1  0.0268
  18   1  0.0275
  19   1  0.0281
  20   1  0.0286
  21   1  0.0289
  22   1  0.0288
  23   1  0.0283
  24   1  0.0271
  25   1  0.0248
  26   1  0.0213
  27   1  0.0172
  28   1  0.0131
  29   1  0.0093
  30   1  0.0062
  31   1  0.0037
  32   1  0.0020
  33   1  0.0008
  34   1  0.0002
  35   1  0.0000

 -34   2  0.0000
 -33   2  0.0000
 -32   2  0.0001
 -31   2  0.0003
 -30   2  0.0004
 -29   2  0.0005
 -28   2  0.0006
 -27   2  0.0006
 -26   2  0.0006
 -25   2  0.0006
 -24   2  0.0006
 -23   2  0.0007
 -22   2  0.0007
 -21   2  0.0009
 -20   2  0.0011
 -19   2  0.0014
 -18   2  0.0019
 -17   2  0.0025
 -16   2  0.0033
 -15   2  0.0042
 -14   2  0.0052
 -13   2  0.0065
 -12   2  0.0078
 -11   2  0.0093
 -10   2  0.0109
  -9   2  0.0124
  -8   2  0.0140
  -7   2  0.0154
  -6   2  0.0166
  -5   2  0.0179
  -4   2  0.0202
  -3   2  0.0241
  -2   2  0.0290
  -1   2  0.0340
   0   2  0.0381
   1   2  0.0399
   2   2  0.0389
   3   2  0.0349
   4   2  0.0286
   5   2  0.0221
   6   2  0.0180
   7   2  0.0163
   8   2  0.0162
   9   2  0.0173
  10   2  0.0189
  11   2  0.0209
  12   2  0.0229
  13   2  0.0247
  14   2  0.0263
  15   2  0.0275
  16   2  0.0284
  17   2  0.0289
  18   2  0.0291
  19   2  0.0290
  20   2  0.0287
  21   2  0.0282
  22   2  0.0274
  23   2  0.0263
  24   2  0.0248
  25   2  0.0228
  26   2  0.0201
  27   2  0.0168
  28   2  0.0132
  29   2  0.0096
  30   2  0.0063
  31   2  0.0036
  32   2  0.0016
  33   2  0.0005
  34   2  0.0000
  35   2  0.0000


 -28  3  0.0000
 -27  3  0.0001
 -26  3  0.0003
 -25  3  0.0006
 -24  3  0.0009
 -23  3  0.0013
 -22  3  0.0017
 -21  3  0.0021
 -20  3  0.0025
 -19  3  0.0029
 -18  3  0.0034
 -17  3  0.0040
 -16  3  0.0046
 -15  3  0.0053
 -14  3  0.0061
 -13  3  0.0071
 -12  3  0.0081
 -11  3  0.0093
 -10  3  0.0107
  -9  3  0.0121
  -8  3  0.0136
  -7  3  0.0151
  -6  3  0.0166
  -5  3  0.0183
  -4  3  0.0206
  -3  3  0.0239
  -2  3  0.0278
  -1  3  0.0315
   0  3  0.0342
   1  3  0.0352
   2  3  0.0339
   3  3  0.0305
   4  3  0.0256
   5  3  0.0208
   6  3  0.0181
   7  3  0.0173
   8  3  0.0178
   9  3  0.0191
  10  3  0.0207
  11  3  0.0224
  12  3  0.0240
  13  3  0.0254
  14  3  0.0264
  15  3  0.0272
  16  3  0.0277
  17  3  0.0281
  18  3  0.0282
  19  3  0.0283
  20  3  0.0283
  21  3  0.0282
  22  3  0.0280
  23  3  0.0275
  24  3  0.0265
  25  3  0.0247
  26  3  0.0219
  27  3  0.0182
  28  3  0.0142
  29  3  0.0102
  30  3  0.0066
  31  3  0.0037
  32  3  0.0016
  33  3  0.0004
  34  3  0.0000
  35  3  0.0000

 -25  4  0.0000
 -24  4  0.0003
 -23  4  0.0008
 -22  4  0.0015
 -21  4  0.0022
 -20  4  0.0027
 -19  4  0.0031
 -18  4  0.0034
 -17  4  0.0036
 -16  4  0.0039
 -15  4  0.0043
 -14  4  0.0048
 -13  4  0.0056
 -12  4  0.0067
 -11  4  0.0081
 -10  4  0.0097
  -9  4  0.0115
  -8  4  0.0132
  -7  4  0.0147
  -6  4  0.0155
  -5  4  0.0158
  -4  4  0.0173
  -3  4  0.0207
  -2  4  0.0258
  -1  4  0.0317
   0  4  0.0369
   1  4  0.0400
   2  4  0.0399
   3  4  0.0364
   4  4  0.0302
   5  4  0.0237
   6  4  0.0199
   7  4  0.0184
   8  4  0.0185
   9  4  0.0193
  10  4  0.0205
  11  4  0.0216
  12  4  0.0225
  13  4  0.0231
  14  4  0.0235
  15  4  0.0239
  16  4  0.0242
  17  4  0.0248
  18  4  0.0256
  19  4  0.0267
  20  4  0.0281
  21  4  0.0297
  22  4  0.0312
  23  4  0.0320
  24  4  0.0316
  25  4  0.0291
  26  4  0.0239
  27  4  0.0177
  28  4  0.0120
  29  4  0.0075
  30  4  0.0046
  31  4  0.0029
  32  4  0.0020
  33  4  0.0015
  34  4  0.0010
  35  4  0.0004
  36  4  0.0000

 -32  5  0.0000
 -31  5  0.0000
 -30  5  0.0002
 -29  5  0.0003
 -28  5  0.0004
 -27  5  0.0005
 -26  5  0.0006
 -25  5  0.0007
 -24  5  0.0007
 -23  5  0.0007
 -22  5  0.0008
 -21  5  0.0009
 -20  5  0.0011
 -19  5  0.0014
 -18  5  0.0018
 -17  5  0.0024
 -16  5  0.0031
 -15  5  0.0040
 -14  5  0.0050
 -13  5  0.0062
 -12  5  0.0075
 -11  5  0.0089
 -10  5  0.0103
  -9  5  0.0117
  -8  5  0.0129
  -7  5  0.0140
  -6  5  0.0146
  -5  5  0.0152
  -4  5  0.0172
  -3  5  0.0212
  -2  5  0.0269
  -1  5  0.0332
   0  5  0.0388
   1  5  0.0422
   2  5  0.0425
   3  5  0.0393
   4  5  0.0333
   5  5  0.0266
   6  5  0.0220
   7  5  0.0195
   8  5  0.0185
   9  5  0.0184
  10  5  0.0189
  11  5  0.0198
  12  5  0.0208
  13  5  0.0218
  14  5  0.0228
  15  5  0.0238
  16  5  0.0249
  17  5  0.0260
  18  5  0.0272
  19  5  0.0284
  20  5  0.0295
  21  5  0.0305
  22  5  0.0311
  23  5  0.0309
  24  5  0.0294
  25  5  0.0261
  26  5  0.0208
  27  5  0.0149
  28  5  0.0099
  29  5  0.0062
  30  5  0.0040
  31  5  0.0029
  32  5  0.0024
  33  5  0.0020
  34  5  0.0014
  35  5  0.0005
  36  5  0.0000


 -32  6  0.0000
 -31  6  0.0000
 -30  6  0.0001
 -29  6  0.0002
 -28  6  0.0003
 -27  6  0.0004
 -26  6  0.0004
 -25  6  0.0004
 -24  6  0.0005
 -23  6  0.0005
 -22  6  0.0006
 -21  6  0.0007
 -20  6  0.0008
 -19  6  0.0010
 -18  6  0.0014
 -17  6  0.0018
 -16  6  0.0024
 -15  6  0.0032
 -14  6  0.0041
 -13  6  0.0052
 -12  6  0.0066
 -11  6  0.0081
 -10  6  0.0098
  -9  6  0.0117
  -8  6  0.0138
  -7  6  0.0160
  -6  6  0.0184
  -5  6  0.0208
  -4  6  0.0237
  -3  6  0.0269
  -2  6  0.0302
  -1  6  0.0331
   0  6  0.0353
   1  6  0.0362
   2  6  0.0357
   3  6  0.0336
   4  6  0.0304
   5  6  0.0267
   6  6  0.0237
   7  6  0.0214
   8  6  0.0199
   9  6  0.0191
  10  6  0.0188
  11  6  0.0190
  12  6  0.0197
  13  6  0.0208
  14  6  0.0222
  15  6  0.0239
  16  6  0.0256
  17  6  0.0274
  18  6  0.0292
  19  6  0.0307
  20  6  0.0318
  21  6  0.0324
  22  6  0.0322
  23  6  0.0311
  24  6  0.0287
  25  6  0.0249
  26  6  0.0196
  27  6  0.0141
  28  6  0.0093
  29  6  0.0057
  30  6  0.0034
  31  6  0.0021
  32  6  0.0015
  33  6  0.0012
  34  6  0.0008
  35  6  0.0003
  36  6  0.0000

 -28  7  0.0000
 -27  7  0.0001
 -26  7  0.0002
 -25  7  0.0003
 -24  7  0.0005
 -23  7  0.0006
 -22  7  0.0008
 -21  7  0.0009
 -20  7  0.0011
 -19  7  0.0013
 -18  7  0.0016
 -17  7  0.0020
 -16  7  0.0025
 -15  7  0.0031
 -14  7  0.0040
 -13  7  0.0050
 -12  7  0.0063
 -11  7  0.0078
 -10  7  0.0095
  -9  7  0.0114
  -8  7  0.0135
  -7  7  0.0157
  -6  7  0.0179
  -5  7  0.0203
  -4  7  0.0232
  -3  7  0.0266
  -2  7  0.0303
  -1  7  0.0337
   0  7  0.0362
   1  7  0.0374
   2  7  0.0368
   3  7  0.0343
   4  7  0.0304
   5  7  0.0261
   6  7  0.0226
   7  7  0.0202
   8  7  0.0187
   9  7  0.0180
  10  7  0.0179
  11  7  0.0184
  12  7  0.0194
  13  7  0.0206
  14  7  0.0221
  15  7  0.0238
  16  7  0.0255
  17  7  0.0272
  18  7  0.0287
  19  7  0.0299
  20  7  0.0308
  21  7  0.0312
  22  7  0.0309
  23  7  0.0299
  24  7  0.0280
  25  7  0.0249
  26  7  0.0208
  27  7  0.0163
  28  7  0.0121
  29  7  0.0084
  30  7  0.0056
  31  7  0.0035
  32  7  0.0021
  33  7  0.0011
  34  7  0.0005
  35  7  0.0002
  36  7  0.0000


 -28  8  0.0000
 -27  8  0.0001
 -26  8  0.0002
 -25  8  0.0004
 -24  8  0.0005
 -23  8  0.0006
 -22  8  0.0007
 -21  8  0.0008
 -20  8  0.0010
 -19  8  0.0011
 -18  8  0.0014
 -17  8  0.0018
 -16  8  0.0023
 -15  8  0.0030
 -14  8  0.0039
 -13  8  0.0050
 -12  8  0.0063
 -11  8  0.0077
 -10  8  0.0093
  -9  8  0.0108
  -8  8  0.0123
  -7  8  0.0136
  -6  8  0.0146
  -5  8  0.0153
  -4  8  0.0174
  -3  8  0.0215
  -2  8  0.0271
  -1  8  0.0333
   0  8  0.0388
   1  8  0.0421
   2  8  0.0423
   3  8  0.0391
   4  8  0.0330
   5  8  0.0263
   6  8  0.0217
   7  8  0.0193
   8  8  0.0185
   9  8  0.0188
  10  8  0.0198
  11  8  0.0212
  12  8  0.0227
  13  8  0.0243
  14  8  0.0257
  15  8  0.0269
  16  8  0.0279
  17  8  0.0287
  18  8  0.0292
  19  8  0.0296
  20  8  0.0296
  21  8  0.0294
  22  8  0.0288
  23  8  0.0277
  24  8  0.0258
  25  8  0.0230
  26  8  0.0191
  27  8  0.0151
  28  8  0.0116
  29  8  0.0087
  30  8  0.0064
  31  8  0.0043
  32  8  0.0024
  33  8  0.0008
  34  8  0.0000

 -24  9  0.0000
 -23  9  0.0001
 -22  9  0.0003
 -21  9  0.0006
 -20  9  0.0009
 -19  9  0.0011
 -18  9  0.0014
 -17  9  0.0016
 -16  9  0.0020
 -15  9  0.0025
 -14  9  0.0031
 -13  9  0.0040
 -12  9  0.0051
 -11  9  0.0064
 -10  9  0.0079
  -9  9  0.0096
  -8  9  0.0114
  -7  9  0.0130
  -6  9  0.0144
  -5  9  0.0156
  -4  9  0.0179
  -3  9  0.0218
  -2  9  0.0272
  -1  9  0.0330
   0  9  0.0382
   1  9  0.0414
   2  9  0.0419
   3  9  0.0392
   4  9  0.0341
   5  9  0.0282
   6  9  0.0238
   7  9  0.0213
   8  9  0.0201
   9  9  0.0199
  10  9  0.0203
  11  9  0.0212
  12  9  0.0223
  13  9  0.0235
  14  9  0.0248
  15  9  0.0260
  16  9  0.0270
  17  9  0.0280
  18  9  0.0287
  19  9  0.0293
  20  9  0.0296
  21  9  0.0295
  22  9  0.0291
  23  9  0.0281
  24  9  0.0264
  25  9  0.0238
  26  9  0.0201
  27  9  0.0161
  28  9  0.0123
  29  9  0.0090
  30  9  0.0063
  31  9  0.0044
  32  9  0.0030
  33  9  0.0020
  34  9  0.0013
  35  9  0.0007
  36  9  0.0002
  37  9  0.0000


 -25  10  0.0000
 -24  10  0.0000
 -23  10  0.0001
 -22  10  0.0001
 -21  10  0.0002
 -20  10  0.0004
 -19  10  0.0006
 -18  10  0.0009
 -17  10  0.0013
 -16  10  0.0019
 -15  10  0.0027
 -14  10  0.0036
 -13  10  0.0047
 -12  10  0.0060
 -11  10  0.0074
 -10  10  0.0090
  -9  10  0.0106
  -8  10  0.0122
  -7  10  0.0138
  -6  10  0.0151
  -5  10  0.0164
  -4  10  0.0187
  -3  10  0.0224
  -2  10  0.0272
  -1  10  0.0323
   0  10  0.0367
   1  10  0.0392
   2  10  0.0392
   3  10  0.0365
   4  10  0.0316
   5  10  0.0261
   6  10  0.0223
   7  10  0.0201
   8  10  0.0192
   9  10  0.0191
  10  10  0.0195
  11  10  0.0201
  12  10  0.0210
  13  10  0.0219
  14  10  0.0229
  15  10  0.0239
  16  10  0.0249
  17  10  0.0259
  18  10  0.0269
  19  10  0.0279
  20  10  0.0289
  21  10  0.0298
  22  10  0.0303
  23  10  0.0303
  24  10  0.0295
  25  10  0.0274
  26  10  0.0239
  27  10  0.0196
  28  10  0.0152
  29  10  0.0112
  30  10  0.0080
  31  10  0.0054
  32  10  0.0035
  33  10  0.0022
  34  10  0.0013
  35  10  0.0006
  36  10  0.0002
  37  10  0.0000


 -27  11  0.0000
 -26  11  0.0001
 -25  11  0.0002
 -24  11  0.0003
 -23  11  0.0005
 -22  11  0.0006
 -21  11  0.0007
 -20  11  0.0008
 -19  11  0.0009
 -18  11  0.0011
 -17  11  0.0013
 -16  11  0.0017
 -15  11  0.0022
 -14  11  0.0029
 -13  11  0.0037
 -12  11  0.0047
 -11  11  0.0059
 -10  11  0.0073
  -9  11  0.0087
  -8  11  0.0102
  -7  11  0.0116
  -6  11  0.0128
  -5  11  0.0140
  -4  11  0.0166
  -3  11  0.0210
  -2  11  0.0269
  -1  11  0.0332
   0  11  0.0386
   1  11  0.0418
   2  11  0.0420
   3  11  0.0387
   4  11  0.0327
   5  11  0.0262
   6  11  0.0216
   7  11  0.0192
   8  11  0.0183
   9  11  0.0184
  10  11  0.0191
  11  11  0.0202
  12  11  0.0215
  13  11  0.0228
  14  11  0.0241
  15  11  0.0253
  16  11  0.0265
  17  11  0.0277
  18  11  0.0288
  19  11  0.0298
  20  11  0.0307
  21  11  0.0314
  22  11  0.0316
  23  11  0.0312
  24  11  0.0297
  25  11  0.0267
  26  11  0.0222
  27  11  0.0174
  28  11  0.0134
  29  11  0.0104
  30  11  0.0083
  31  11  0.0066
  32  11  0.0049
  33  11  0.0029
  34  11  0.0010
  35  11  0.0000


 -27  12  0.0000
 -26  12  0.0001
 -25  12  0.0003
 -24  12  0.0005
 -23  12  0.0008
 -22  12  0.0009
 -21  12  0.0011
 -20  12  0.0013
 -19  12  0.0014
 -18  12  0.0016
 -17  12  0.0020
 -16  12  0.0024
 -15  12  0.0031
 -14  12  0.0039
 -13  12  0.0050
 -12  12  0.0063
 -11  12  0.0077
 -10  12  0.0092
  -9  12  0.0108
  -8  12  0.0123
  -7  12  0.0134
  -6  12  0.0141
  -5  12  0.0144
  -4  12  0.0159
  -3  12  0.0193
  -2  12  0.0244
  -1  12  0.0303
   0  12  0.0357
   1  12  0.0394
   2  12  0.0404
   3  12  0.0381
   4  12  0.0332
   5  12  0.0273
   6  12  0.0229
   7  12  0.0202
   8  12  0.0188
   9  12  0.0183
  10  12  0.0185
  11  12  0.0192
  12  12  0.0202
  13  12  0.0214
  14  12  0.0226
  15  12  0.0239
  16  12  0.0251
  17  12  0.0263
  18  12  0.0274
  19  12  0.0283
  20  12  0.0290
  21  12  0.0294
  22  12  0.0295
  23  12  0.0291
  24  12  0.0280
  25  12  0.0259
  26  12  0.0229
  27  12  0.0193
  28  12  0.0156
  29  12  0.0122
  30  12  0.0092
  31  12  0.0068
  32  12  0.0049
  33  12  0.0034
  34  12  0.0024
  35  12  0.0016
  36  12  0.0010
  37  12  0.0005
  38  12  0.0002
  39  12  0.0000


 -23  13  0.0000
 -22  13  0.0001
 -21  13  0.0004
 -20  13  0.0007
 -19  13  0.0011
 -18  13  0.0016
 -17  13  0.0021
 -16  13  0.0028
 -15  13  0.0036
 -14  13  0.0045
 -13  13  0.0056
 -12  13  0.0070
 -11  13  0.0084
 -10  13  0.0100
  -9  13  0.0115
  -8  13  0.0129
  -7  13  0.0139
  -6  13  0.0143
  -5  13  0.0143
  -4  13  0.0156
  -3  13  0.0193
  -2  13  0.0251
  -1  13  0.0318
   0  13  0.0380
   1  13  0.0421
   2  13  0.0430
   3  13  0.0401
   4  13  0.0341
   5  13  0.0272
   6  13  0.0223
   7  13  0.0195
   8  13  0.0183
   9  13  0.0179
  10  13  0.0182
  11  13  0.0188
  12  13  0.0196
  13  13  0.0204
  14  13  0.0212
  15  13  0.0221
  16  13  0.0229
  17  13  0.0239
  18  13  0.0250
  19  13  0.0261
  20  13  0.0274
  21  13  0.0286
  22  13  0.0296
  23  13  0.0301
  24  13  0.0298
  25  13  0.0281
  26  13  0.0247
  27  13  0.0204
  28  13  0.0159
  29  13  0.0118
  30  13  0.0084
  31  13  0.0058
  32  13  0.0039
  33  13  0.0027
  34  13  0.0019
  35  13  0.0014
  36  13  0.0010
  37  13  0.0006
  38  13  0.0002
  39  13  0.0000
