 -23  0.0000
  -22  0.0003
  -21  0.0006
  -20  0.0006
  -19  0.0006
  -18  0.0011
  -17  0.0017
  -16  0.0024
  -15  0.0029
  -14  0.0050
  -13  0.0076
  -12  0.0087
  -11  0.0076
  -10  0.0110
   -9  0.0083
   -8  0.0117
   -7  0.0136
   -6  0.0132
   -5  0.0178
   -4  0.0185
   -3  0.0195
   -2  0.0237
   -1  0.0266
    0  0.0364
    1  0.0457
    2  0.0478
    3  0.0408
    4  0.0294
    5  0.0268
    6  0.0191
    7  0.0209
    8  0.0213
    9  0.0204
   10  0.0185
   11  0.0162
   12  0.0200
   13  0.0184
   14  0.0225
   15  0.0234
   16  0.0203
   17  0.0243
   18  0.0239
   19  0.0264
   20  0.0295
   21  0.0278
   22  0.0305
   23  0.0315
   24  0.0283
   25  0.0302
   26  0.0211
   27  0.0185
   28  0.0179
   29  0.0131
   30  0.0085
   31  0.0062
   32  0.0037
   33  0.0023
   34  0.0012
   35  0.0012
   36  0.0012
   37  0.0013
   38  0.0006
   39  0.0000
   