-34  1  0.0000
-34  2  0.0000
-34  3  0.0000
-34  4  0.0000
-34  5  0.0000
-34  6  0.0000
-34  7  0.0000
-34  8  0.0000
-34  9  0.0000
-34 10  0.0000
-34 11  0.0000
-34 12  0.0000
-34 13  0.0000

-33  1  0.0000
-33  2  0.0000
-33  3  0.0000
-33  4  0.0000
-33  5  0.0000
-33  6  0.0000
-33  7  0.0000
-33  8  0.0000
-33  9  0.0000
-33 10  0.0000
-33 11  0.0000
-33 12  0.0000
-33 13  0.0000

-32  1  0.0000
-32  2  0.0000
-32  3  0.0000
-32  4  0.0000
-32  5  0.0000
-32  6  0.0000
-32  7  0.0000
-32  8  0.0000
-32  9  0.0000
-32 10  0.0000
-32 11  0.0000
-32 12  0.0000
-32 13  0.0000

-31  1  0.0001
-31  2  0.0001
-31  3  0.0001
-31  4  0.0001
-31  5  0.0001
-31  6  0.0001
-31  7  0.0001
-31  8  0.0001
-31  9  0.0001
-31 10  0.0001
-31 11  0.0001
-31 12  0.0001
-31 13  0.0001

-30  1  0.0001
-30  2  0.0001
-30  3  0.0001
-30  4  0.0001
-30  5  0.0001
-30  6  0.0001
-30  7  0.0001
-30  8  0.0001
-30  9  0.0001
-30 10  0.0001
-30 11  0.0001
-30 12  0.0001
-30 13  0.0001

-29  1  0.0001
-29  2  0.0001
-29  3  0.0001
-29  4  0.0001
-29  5  0.0001
-29  6  0.0001
-29  7  0.0001
-29  8  0.0001
-29  9  0.0001
-29 10  0.0001
-29 11  0.0001
-29 12  0.0001
-29 13  0.0001

-28  1  0.0002
-28  2  0.0002
-28  3  0.0002
-28  4  0.0002
-28  5  0.0002
-28  6  0.0002
-28  7  0.0002
-28  8  0.0002
-28  9  0.0002
-28 10  0.0002
-28 11  0.0002
-28 12  0.0002
-28 13  0.0002

-27  1  0.0002
-27  2  0.0002
-27  3  0.0002
-27  4  0.0002
-27  5  0.0002
-27  6  0.0002
-27  7  0.0002
-27  8  0.0002
-27  9  0.0002
-27 10  0.0002
-27 11  0.0002
-27 12  0.0002
-27 13  0.0002

-26  1  0.0003
-26  2  0.0003
-26  3  0.0003
-26  4  0.0003
-26  5  0.0003
-26  6  0.0003
-26  7  0.0003
-26  8  0.0003
-26  9  0.0003
-26 10  0.0003
-26 11  0.0003
-26 12  0.0003
-26 13  0.0003

-25  1  0.0003
-25  2  0.0003
-25  3  0.0003
-25  4  0.0003
-25  5  0.0003
-25  6  0.0003
-25  7  0.0003
-25  8  0.0003
-25  9  0.0003
-25 10  0.0003
-25 11  0.0003
-25 12  0.0003
-25 13  0.0003

-24  1  0.0004
-24  2  0.0004
-24  3  0.0004
-24  4  0.0004
-24  5  0.0004
-24  6  0.0004
-24  7  0.0004
-24  8  0.0004
-24  9  0.0004
-24 10  0.0004
-24 11  0.0004
-24 12  0.0004
-24 13  0.0004

-23  1  0.0006
-23  2  0.0006
-23  3  0.0006
-23  4  0.0006
-23  5  0.0006
-23  6  0.0006
-23  7  0.0006
-23  8  0.0006
-23  9  0.0006
-23 10  0.0006
-23 11  0.0006
-23 12  0.0006
-23 13  0.0006

-22  1  0.0007
-22  2  0.0007
-22  3  0.0007
-22  4  0.0007
-22  5  0.0007
-22  6  0.0007
-22  7  0.0007
-22  8  0.0007
-22  9  0.0007
-22 10  0.0007
-22 11  0.0007
-22 12  0.0007
-22 13  0.0007

-21  1  0.0009
-21  2  0.0009
-21  3  0.0009
-21  4  0.0009
-21  5  0.0009
-21  6  0.0009
-21  7  0.0009
-21  8  0.0009
-21  9  0.0009
-21 10  0.0009
-21 11  0.0009
-21 12  0.0009
-21 13  0.0009

-20  1  0.0012
-20  2  0.0012
-20  3  0.0012
-20  4  0.0012
-20  5  0.0012
-20  6  0.0012
-20  7  0.0012
-20  8  0.0012
-20  9  0.0012
-20 10  0.0012
-20 11  0.0012
-20 12  0.0012
-20 13  0.0012

-19  1  0.0014
-19  2  0.0014
-19  3  0.0014
-19  4  0.0014
-19  5  0.0014
-19  6  0.0014
-19  7  0.0014
-19  8  0.0014
-19  9  0.0014
-19 10  0.0014
-19 11  0.0014
-19 12  0.0014
-19 13  0.0014

-18  1  0.0018
-18  2  0.0018
-18  3  0.0018
-18  4  0.0018
-18  5  0.0018
-18  6  0.0018
-18  7  0.0018
-18  8  0.0018
-18  9  0.0018
-18 10  0.0018
-18 11  0.0018
-18 12  0.0018
-18 13  0.0018

-17  1  0.0022
-17  2  0.0022
-17  3  0.0022
-17  4  0.0022
-17  5  0.0022
-17  6  0.0022
-17  7  0.0022
-17  8  0.0022
-17  9  0.0022
-17 10  0.0022
-17 11  0.0022
-17 12  0.0022
-17 13  0.0022

-16  1  0.0028
-16  2  0.0028
-16  3  0.0028
-16  4  0.0028
-16  5  0.0028
-16  6  0.0028
-16  7  0.0028
-16  8  0.0028
-16  9  0.0028
-16 10  0.0028
-16 11  0.0028
-16 12  0.0028
-16 13  0.0028

-15  1  0.0035
-15  2  0.0035
-15  3  0.0035
-15  4  0.0035
-15  5  0.0035
-15  6  0.0035
-15  7  0.0035
-15  8  0.0035
-15  9  0.0035
-15 10  0.0035
-15 11  0.0035
-15 12  0.0035
-15 13  0.0035

-14  1  0.0044
-14  2  0.0044
-14  3  0.0044
-14  4  0.0044
-14  5  0.0044
-14  6  0.0044
-14  7  0.0044
-14  8  0.0044
-14  9  0.0044
-14 10  0.0044
-14 11  0.0044
-14 12  0.0044
-14 13  0.0044

-13  1  0.0054
-13  2  0.0054
-13  3  0.0054
-13  4  0.0054
-13  5  0.0054
-13  6  0.0054
-13  7  0.0054
-13  8  0.0054
-13  9  0.0054
-13 10  0.0054
-13 11  0.0054
-13 12  0.0054
-13 13  0.0054

-12  1  0.0067
-12  2  0.0067
-12  3  0.0067
-12  4  0.0067
-12  5  0.0067
-12  6  0.0067
-12  7  0.0067
-12  8  0.0067
-12  9  0.0067
-12 10  0.0067
-12 11  0.0067
-12 12  0.0067
-12 13  0.0067

-11  1  0.0081
-11  2  0.0081
-11  3  0.0081
-11  4  0.0081
-11  5  0.0081
-11  6  0.0081
-11  7  0.0081
-11  8  0.0081
-11  9  0.0081
-11 10  0.0081
-11 11  0.0081
-11 12  0.0081
-11 13  0.0081

-10  1  0.0097
-10  2  0.0097
-10  3  0.0097
-10  4  0.0097
-10  5  0.0097
-10  6  0.0097
-10  7  0.0097
-10  8  0.0097
-10  9  0.0097
-10 10  0.0097
-10 11  0.0097
-10 12  0.0097
-10 13  0.0097

 -9  1  0.0113
 -9  2  0.0113
 -9  3  0.0113
 -9  4  0.0113
 -9  5  0.0113
 -9  6  0.0113
 -9  7  0.0113
 -9  8  0.0113
 -9  9  0.0113
 -9 10  0.0113
 -9 11  0.0113
 -9 12  0.0113
 -9 13  0.0113

 -8  1  0.0129
 -8  2  0.0129
 -8  3  0.0129
 -8  4  0.0129
 -8  5  0.0129
 -8  6  0.0129
 -8  7  0.0129
 -8  8  0.0129
 -8  9  0.0129
 -8 10  0.0129
 -8 11  0.0129
 -8 12  0.0129
 -8 13  0.0129

 -7  1  0.0144
 -7  2  0.0144
 -7  3  0.0144
 -7  4  0.0144
 -7  5  0.0144
 -7  6  0.0144
 -7  7  0.0144
 -7  8  0.0144
 -7  9  0.0144
 -7 10  0.0144
 -7 11  0.0144
 -7 12  0.0144
 -7 13  0.0144

 -6  1  0.0156
 -6  2  0.0156
 -6  3  0.0156
 -6  4  0.0156
 -6  5  0.0156
 -6  6  0.0156
 -6  7  0.0156
 -6  8  0.0156
 -6  9  0.0156
 -6 10  0.0156
 -6 11  0.0156
 -6 12  0.0156
 -6 13  0.0156

 -5  1  0.0166
 -5  2  0.0166
 -5  3  0.0166
 -5  4  0.0166
 -5  5  0.0166
 -5  6  0.0166
 -5  7  0.0166
 -5  8  0.0166
 -5  9  0.0166
 -5 10  0.0166
 -5 11  0.0166
 -5 12  0.0166
 -5 13  0.0166

 -4  1  0.0188
 -4  2  0.0188
 -4  3  0.0188
 -4  4  0.0188
 -4  5  0.0188
 -4  6  0.0188
 -4  7  0.0188
 -4  8  0.0188
 -4  9  0.0188
 -4 10  0.0188
 -4 11  0.0188
 -4 12  0.0188
 -4 13  0.0188

 -3  1  0.0224
 -3  2  0.0224
 -3  3  0.0224
 -3  4  0.0224
 -3  5  0.0224
 -3  6  0.0224
 -3  7  0.0224
 -3  8  0.0224
 -3  9  0.0224
 -3 10  0.0224
 -3 11  0.0224
 -3 12  0.0224
 -3 13  0.0224

 -2  1  0.0273
 -2  2  0.0273
 -2  3  0.0273
 -2  4  0.0273
 -2  5  0.0273
 -2  6  0.0273
 -2  7  0.0273
 -2  8  0.0273
 -2  9  0.0273
 -2 10  0.0273
 -2 11  0.0273
 -2 12  0.0273
 -2 13  0.0273

 -1  1  0.0325
 -1  2  0.0325
 -1  3  0.0325
 -1  4  0.0325
 -1  5  0.0325
 -1  6  0.0325
 -1  7  0.0325
 -1  8  0.0325
 -1  9  0.0325
 -1 10  0.0325
 -1 11  0.0325
 -1 12  0.0325
 -1 13  0.0325

  0  1  0.0370
  0  2  0.0370
  0  3  0.0370
  0  4  0.0370
  0  5  0.0370
  0  6  0.0370
  0  7  0.0370
  0  8  0.0370
  0  9  0.0370
  0 10  0.0370
  0 11  0.0370
  0 12  0.0370
  0 13  0.0370

  1  1  0.0396
  1  2  0.0396
  1  3  0.0396
  1  4  0.0396
  1  5  0.0396
  1  6  0.0396
  1  7  0.0396
  1  8  0.0396
  1  9  0.0396
  1 10  0.0396
  1 11  0.0396
  1 12  0.0396
  1 13  0.0396

  2  1  0.0395
  2  2  0.0395
  2  3  0.0395
  2  4  0.0395
  2  5  0.0395
  2  6  0.0395
  2  7  0.0395
  2  8  0.0395
  2  9  0.0395
  2 10  0.0395
  2 11  0.0395
  2 12  0.0395
  2 13  0.0395

  3  1  0.0365
  3  2  0.0365
  3  3  0.0365
  3  4  0.0365
  3  5  0.0365
  3  6  0.0365
  3  7  0.0365
  3  8  0.0365
  3  9  0.0365
  3 10  0.0365
  3 11  0.0365
  3 12  0.0365
  3 13  0.0365

  4  1  0.0313
  4  2  0.0313
  4  3  0.0313
  4  4  0.0313
  4  5  0.0313
  4  6  0.0313
  4  7  0.0313
  4  8  0.0313
  4  9  0.0313
  4 10  0.0313
  4 11  0.0313
  4 12  0.0313
  4 13  0.0313

  5  1  0.0255
  5  2  0.0255
  5  3  0.0255
  5  4  0.0255
  5  5  0.0255
  5  6  0.0255
  5  7  0.0255
  5  8  0.0255
  5  9  0.0255
  5 10  0.0255
  5 11  0.0255
  5 12  0.0255
  5 13  0.0255

  6  1  0.0214
  6  2  0.0214
  6  3  0.0214
  6  4  0.0214
  6  5  0.0214
  6  6  0.0214
  6  7  0.0214
  6  8  0.0214
  6  9  0.0214
  6 10  0.0214
  6 11  0.0214
  6 12  0.0214
  6 13  0.0214

  7  1  0.0193
  7  2  0.0193
  7  3  0.0193
  7  4  0.0193
  7  5  0.0193
  7  6  0.0193
  7  7  0.0193
  7  8  0.0193
  7  9  0.0193
  7 10  0.0193
  7 11  0.0193
  7 12  0.0193
  7 13  0.0193

  8  1  0.0185
  8  2  0.0185
  8  3  0.0185
  8  4  0.0185
  8  5  0.0185
  8  6  0.0185
  8  7  0.0185
  8  8  0.0185
  8  9  0.0185
  8 10  0.0185
  8 11  0.0185
  8 12  0.0185
  8 13  0.0185

  9  1  0.0186
  9  2  0.0186
  9  3  0.0186
  9  4  0.0186
  9  5  0.0186
  9  6  0.0186
  9  7  0.0186
  9  8  0.0186
  9  9  0.0186
  9 10  0.0186
  9 11  0.0186
  9 12  0.0186
  9 13  0.0186

 10  1  0.0192
 10  2  0.0192
 10  3  0.0192
 10  4  0.0192
 10  5  0.0192
 10  6  0.0192
 10  7  0.0192
 10  8  0.0192
 10  9  0.0192
 10 10  0.0192
 10 11  0.0192
 10 12  0.0192
 10 13  0.0192

 11  1  0.0202
 11  2  0.0202
 11  3  0.0202
 11  4  0.0202
 11  5  0.0202
 11  6  0.0202
 11  7  0.0202
 11  8  0.0202
 11  9  0.0202
 11 10  0.0202
 11 11  0.0202
 11 12  0.0202
 11 13  0.0202

 12  1  0.0214
 12  2  0.0214
 12  3  0.0214
 12  4  0.0214
 12  5  0.0214
 12  6  0.0214
 12  7  0.0214
 12  8  0.0214
 12  9  0.0214
 12 10  0.0214
 12 11  0.0214
 12 12  0.0214
 12 13  0.0214

 13  1  0.0226
 13  2  0.0226
 13  3  0.0226
 13  4  0.0226
 13  5  0.0226
 13  6  0.0226
 13  7  0.0226
 13  8  0.0226
 13  9  0.0226
 13 10  0.0226
 13 11  0.0226
 13 12  0.0226
 13 13  0.0226

 14  1  0.0237
 14  2  0.0237
 14  3  0.0237
 14  4  0.0237
 14  5  0.0237
 14  6  0.0237
 14  7  0.0237
 14  8  0.0237
 14  9  0.0237
 14 10  0.0237
 14 11  0.0237
 14 12  0.0237
 14 13  0.0237

 15  1  0.0249
 15  2  0.0249
 15  3  0.0249
 15  4  0.0249
 15  5  0.0249
 15  6  0.0249
 15  7  0.0249
 15  8  0.0249
 15  9  0.0249
 15 10  0.0249
 15 11  0.0249
 15 12  0.0249
 15 13  0.0249

 16  1  0.0259
 16  2  0.0259
 16  3  0.0259
 16  4  0.0259
 16  5  0.0259
 16  6  0.0259
 16  7  0.0259
 16  8  0.0259
 16  9  0.0259
 16 10  0.0259
 16 11  0.0259
 16 12  0.0259
 16 13  0.0259

 17  1  0.0269
 17  2  0.0269
 17  3  0.0269
 17  4  0.0269
 17  5  0.0269
 17  6  0.0269
 17  7  0.0269
 17  8  0.0269
 17  9  0.0269
 17 10  0.0269
 17 11  0.0269
 17 12  0.0269
 17 13  0.0269

 18  1  0.0278
 18  2  0.0278
 18  3  0.0278
 18  4  0.0278
 18  5  0.0278
 18  6  0.0278
 18  7  0.0278
 18  8  0.0278
 18  9  0.0278
 18 10  0.0278
 18 11  0.0278
 18 12  0.0278
 18 13  0.0278

 19  1  0.0286
 19  2  0.0286
 19  3  0.0286
 19  4  0.0286
 19  5  0.0286
 19  6  0.0286
 19  7  0.0286
 19  8  0.0286
 19  9  0.0286
 19 10  0.0286
 19 11  0.0286
 19 12  0.0286
 19 13  0.0286

 20  1  0.0293
 20  2  0.0293
 20  3  0.0293
 20  4  0.0293
 20  5  0.0293
 20  6  0.0293
 20  7  0.0293
 20  8  0.0293
 20  9  0.0293
 20 10  0.0293
 20 11  0.0293
 20 12  0.0293
 20 13  0.0293

 21  1  0.0298
 21  2  0.0298
 21  3  0.0298
 21  4  0.0298
 21  5  0.0298
 21  6  0.0298
 21  7  0.0298
 21  8  0.0298
 21  9  0.0298
 21 10  0.0298
 21 11  0.0298
 21 12  0.0298
 21 13  0.0298

 22  1  0.0299
 22  2  0.0299
 22  3  0.0299
 22  4  0.0299
 22  5  0.0299
 22  6  0.0299
 22  7  0.0299
 22  8  0.0299
 22  9  0.0299
 22 10  0.0299
 22 11  0.0299
 22 12  0.0299
 22 13  0.0299

 23  1  0.0294
 23  2  0.0294
 23  3  0.0294
 23  4  0.0294
 23  5  0.0294
 23  6  0.0294
 23  7  0.0294
 23  8  0.0294
 23  9  0.0294
 23 10  0.0294
 23 11  0.0294
 23 12  0.0294
 23 13  0.0294

 24  1  0.0281
 24  2  0.0281
 24  3  0.0281
 24  4  0.0281
 24  5  0.0281
 24  6  0.0281
 24  7  0.0281
 24  8  0.0281
 24  9  0.0281
 24 10  0.0281
 24 11  0.0281
 24 12  0.0281
 24 13  0.0281

 25  1  0.0256
 25  2  0.0256
 25  3  0.0256
 25  4  0.0256
 25  5  0.0256
 25  6  0.0256
 25  7  0.0256
 25  8  0.0256
 25  9  0.0256
 25 10  0.0256
 25 11  0.0256
 25 12  0.0256
 25 13  0.0256

 26  1  0.0216
 26  2  0.0216
 26  3  0.0216
 26  4  0.0216
 26  5  0.0216
 26  6  0.0216
 26  7  0.0216
 26  8  0.0216
 26  9  0.0216
 26 10  0.0216
 26 11  0.0216
 26 12  0.0216
 26 13  0.0216

 27  1  0.0172
 27  2  0.0172
 27  3  0.0172
 27  4  0.0172
 27  5  0.0172
 27  6  0.0172
 27  7  0.0172
 27  8  0.0172
 27  9  0.0172
 27 10  0.0172
 27 11  0.0172
 27 12  0.0172
 27 13  0.0172

 28  1  0.0129
 28  2  0.0129
 28  3  0.0129
 28  4  0.0129
 28  5  0.0129
 28  6  0.0129
 28  7  0.0129
 28  8  0.0129
 28  9  0.0129
 28 10  0.0129
 28 11  0.0129
 28 12  0.0129
 28 13  0.0129

 29  1  0.0092
 29  2  0.0092
 29  3  0.0092
 29  4  0.0092
 29  5  0.0092
 29  6  0.0092
 29  7  0.0092
 29  8  0.0092
 29  9  0.0092
 29 10  0.0092
 29 11  0.0092
 29 12  0.0092
 29 13  0.0092

 30  1  0.0064
 30  2  0.0064
 30  3  0.0064
 30  4  0.0064
 30  5  0.0064
 30  6  0.0064
 30  7  0.0064
 30  8  0.0064
 30  9  0.0064
 30 10  0.0064
 30 11  0.0064
 30 12  0.0064
 30 13  0.0064

 31  1  0.0043
 31  2  0.0043
 31  3  0.0043
 31  4  0.0043
 31  5  0.0043
 31  6  0.0043
 31  7  0.0043
 31  8  0.0043
 31  9  0.0043
 31 10  0.0043
 31 11  0.0043
 31 12  0.0043
 31 13  0.0043

 32  1  0.0028
 32  2  0.0028
 32  3  0.0028
 32  4  0.0028
 32  5  0.0028
 32  6  0.0028
 32  7  0.0028
 32  8  0.0028
 32  9  0.0028
 32 10  0.0028
 32 11  0.0028
 32 12  0.0028
 32 13  0.0028

 33  1  0.0017
 33  2  0.0017
 33  3  0.0017
 33  4  0.0017
 33  5  0.0017
 33  6  0.0017
 33  7  0.0017
 33  8  0.0017
 33  9  0.0017
 33 10  0.0017
 33 11  0.0017
 33 12  0.0017
 33 13  0.0017

 34  1  0.0009
 34  2  0.0009
 34  3  0.0009
 34  4  0.0009
 34  5  0.0009
 34  6  0.0009
 34  7  0.0009
 34  8  0.0009
 34  9  0.0009
 34 10  0.0009
 34 11  0.0009
 34 12  0.0009
 34 13  0.0009

 35  1  0.0004
 35  2  0.0004
 35  3  0.0004
 35  4  0.0004
 35  5  0.0004
 35  6  0.0004
 35  7  0.0004
 35  8  0.0004
 35  9  0.0004
 35 10  0.0004
 35 11  0.0004
 35 12  0.0004
 35 13  0.0004

 36  1  0.0002
 36  2  0.0002
 36  3  0.0002
 36  4  0.0002
 36  5  0.0002
 36  6  0.0002
 36  7  0.0002
 36  8  0.0002
 36  9  0.0002
 36 10  0.0002
 36 11  0.0002
 36 12  0.0002
 36 13  0.0002

 37  1  0.0001
 37  2  0.0001
 37  3  0.0001
 37  4  0.0001
 37  5  0.0001
 37  6  0.0001
 37  7  0.0001
 37  8  0.0001
 37  9  0.0001
 37 10  0.0001
 37 11  0.0001
 37 12  0.0001
 37 13  0.0001

 38  1  0.0000
 38  2  0.0000
 38  3  0.0000
 38  4  0.0000
 38  5  0.0000
 38  6  0.0000
 38  7  0.0000
 38  8  0.0000
 38  9  0.0000
 38 10  0.0000
 38 11  0.0000
 38 12  0.0000
 38 13  0.0000

 39  1  0.0000
 39  2  0.0000
 39  3  0.0000
 39  4  0.0000
 39  5  0.0000
 39  6  0.0000
 39  7  0.0000
 39  8  0.0000
 39  9  0.0000
 39 10  0.0000
 39 11  0.0000
 39 12  0.0000
 39 13  0.0000

